elapsed_s,TSE_SETUP_CTRL_WORKING_CYCLE_L2,TSE_SETUP_FDP3_WORKING_CYCLE_L2,TSE_SETUP_FDP3_0_WORKING_CYCLE_L3,TSE_SETUP_FDP3_1_WORKING_CYCLE_L3
0.001098,0,0,0,0
0.002545,0,0,0,0
0.003963,0,0,0,0
0.005483,0,0,0,0
0.006904,0,0,0,0
0.008396,0,0,0,0
0.009878,0,0,0,0
0.011227,0,0,0,0
0.012577,0,0,0,0
0.013926,0,0,0,0
0.015271,0,0,0,0
0.016638,0,0,0,0
0.018086,0,0,0,0
0.019567,0,0,0,0
0.020957,0,0,0,0
0.022336,0,0,0,0
0.023713,0,0,0,0
0.025129,0,0,0,0
0.026469,0,0,0,0
0.027806,0,0,0,0
0.029145,0,0,0,0
0.030486,0,0,0,0
0.031830,0,0,0,0
0.033182,0,0,0,0
0.034499,0,0,0,0
0.035801,0,0,0,0
0.037104,0,0,0,0
0.038517,0,0,0,0
0.039824,0,0,0,0
0.041141,0,0,0,0
0.042449,0,0,0,0
0.043753,0,0,0,0
0.045076,0,0,0,0
0.046462,0,0,0,0
0.047946,0,0,0,0
0.049688,0,0,0,0
0.050955,0,0,0,0
0.052266,0,0,0,0
0.053560,0,0,0,0
0.054929,0,0,0,0
0.056187,0,0,0,0
0.057511,0,0,0,0
0.058817,0,0,0,0
0.060231,0,0,0,0
0.061623,0,0,0,0
0.063036,0,0,0,0
0.064324,105,105,105,105
0.065912,0,0,0,0
0.067379,0,0,0,0
0.068738,0,0,0,0
0.070154,0,0,0,0
0.071572,0,0,0,0
0.073968,0,0,0,0
0.075398,0,0,0,0
0.076819,0,0,0,0
0.078238,0,0,0,0
0.079657,0,0,0,0
0.081076,378,378,378,378
0.082316,504,504,504,504
0.083555,504,504,504,504
0.085233,693,693,693,693
0.086472,567,567,567,567
0.087712,504,504,504,504
0.089007,504,504,504,504
0.090252,567,567,567,567
0.091495,504,504,504,504
0.092793,504,504,504,504
0.094033,567,567,567,567
0.095272,504,504,504,504
0.096514,504,504,504,504
0.097758,504,504,504,567
0.099001,567,567,567,504
0.100244,504,504,504,504
0.101490,504,504,504,504
0.102733,567,567,567,567
0.103977,504,504,504,504
0.105222,504,504,504,504
0.106464,504,504,504,504
0.107707,567,567,567,567
0.108952,504,504,504,504
0.110193,504,504,504,504
0.111436,504,504,504,504
0.112715,567,567,567,567
0.113958,504,504,504,504
0.115200,504,504,504,567
0.116444,567,567,567,504
0.117686,504,504,504,504
0.118928,504,504,504,504
0.120194,420,420,420,420
0.121642,0,0,0,0
0.123021,0,0,0,0
0.124414,0,0,0,0
0.125795,0,0,0,0
0.127174,0,0,0,0
0.128552,0,0,0,0
0.129958,0,0,0,0
0.131320,0,0,0,0
0.132683,0,0,0,0
0.134038,0,0,0,0
0.135393,0,0,0,0
0.136788,0,0,0,0
0.138202,0,0,0,0
0.139612,0,0,0,0
0.141021,0,0,0,0
0.142441,0,0,0,0
0.143886,0,0,0,0
0.145311,0,0,0,0
0.146739,0,0,0,0
0.148181,0,0,0,0
0.149551,0,0,0,0
0.150993,0,0,0,0
0.152449,0,0,0,0
0.153819,0,0,0,0
0.155208,0,0,0,0
0.156686,0,0,0,0
0.158098,0,0,0,0
0.159484,0,0,0,0
0.160907,0,0,0,0
0.162304,0,0,0,0
0.163685,0,0,0,0
0.165075,0,0,0,0
0.166461,0,0,0,0
0.167970,0,0,0,0
0.169650,0,0,0,0
0.171192,0,0,0,0
0.172614,0,0,0,0
0.174132,0,0,0,0
0.175571,0,0,0,0
0.177138,0,0,0,0
0.178690,0,0,0,0
0.180239,0,0,0,0
0.181794,0,0,0,0
0.183343,0,0,0,0
0.184938,0,0,0,0
0.186503,0,0,0,0
0.188052,0,0,0,0
0.189606,0,0,0,0
0.191155,0,0,0,0
0.192750,0,0,0,0
0.194301,0,0,0,0
0.195849,0,0,0,0
0.197414,0,0,0,0
0.198965,0,0,0,0
0.201418,0,0,0,0
0.202836,0,0,0,0
0.204225,0,0,0,0
0.205615,0,0,0,0
0.207000,0,0,0,0
0.208397,0,0,0,0
0.209912,0,0,0,0
0.211461,0,0,0,0
0.213013,0,0,0,0
0.214563,0,0,0,0
0.216111,0,0,0,0
0.217666,0,0,0,0
0.219103,0,0,0,0
0.220504,0,0,0,0
0.221895,0,0,0,0
0.223283,0,0,0,0
0.224672,0,0,0,0
0.226055,0,0,0,0
0.227436,0,0,0,0
0.228892,0,0,0,0
0.230416,0,0,0,0
0.231967,0,0,0,0
0.233570,0,0,0,0
0.235120,0,0,0,0
0.236674,0,0,0,0
0.238225,0,0,0,0
0.239775,0,0,0,0
0.241385,0,0,0,0
0.242938,0,0,0,0
0.244491,0,0,0,0
0.246042,0,0,0,0
0.247593,0,0,0,0
0.249189,0,0,0,0
0.250741,0,0,0,0
0.252389,0,0,0,0
0.253861,0,0,0,0
0.255254,0,0,0,0
0.256816,0,0,0,0
0.258367,0,0,0,0
0.259916,0,0,0,0
0.261467,0,0,0,0
0.263032,0,0,0,0
0.264586,0,0,0,0
0.266182,0,0,0,0
0.267732,0,0,0,0
0.269283,0,0,0,0
0.270834,0,0,0,0
0.272386,0,0,0,0
0.273995,0,0,0,0
0.275547,0,0,0,0
0.277099,0,0,0,0
0.278651,0,0,0,0
0.280201,0,0,0,0
0.281758,0,0,0,0
0.283308,0,0,0,0
0.284875,0,0,0,0
0.286427,0,0,0,0
0.287978,0,0,0,0
0.289592,0,0,0,0
0.291142,0,0,0,0
0.292696,0,0,0,0
0.294248,0,0,0,0
0.295812,0,0,0,0
0.297406,0,0,0,0
0.298958,0,0,0,0
0.300511,0,0,0,0
0.302064,0,0,0,0
0.303613,0,0,0,0
0.305207,0,0,0,0
0.306774,0,0,0,0
0.308327,0,0,0,0
0.309880,0,0,0,0
0.311430,0,0,0,0
0.313027,0,0,0,0
0.314580,0,0,0,0
0.316129,0,0,0,0
0.317650,0,0,0,0
0.319043,0,0,0,0
0.320559,0,0,0,0
0.322154,0,0,0,0
0.323704,0,0,0,0
0.325255,0,0,0,0
0.326806,0,0,0,0
0.328418,0,0,0,0
0.330005,0,0,0,0
0.331545,0,0,0,0
0.332967,0,0,0,0
0.334444,0,0,0,0
0.335998,0,0,0,0
0.337604,0,0,0,0
0.339167,0,0,0,0
0.340720,0,0,0,0
0.342272,0,0,0,0
0.343822,0,0,0,0
0.345417,0,0,0,0
0.346970,0,0,0,0
0.348523,0,0,0,0
0.350089,0,0,0,0
0.351567,0,0,0,0
0.353147,0,0,0,0
0.354700,0,0,0,0
0.356250,0,0,0,0
0.357657,0,0,0,0
0.359050,0,0,0,0
0.360577,0,0,0,0
0.362173,0,0,0,0
0.363722,0,0,0,0
0.365274,0,0,0,0
0.366827,0,0,0,0
0.368380,0,0,0,0
0.369932,0,0,0,0
0.371496,0,0,0,0
0.373049,0,0,0,0
0.374601,0,0,0,0
0.376151,0,0,0,0
0.377708,0,0,0,0
0.379259,0,0,0,0
0.380813,0,0,0,0
0.382378,0,0,0,0
0.383929,0,0,0,0
0.385523,0,0,0,0
0.387076,0,0,0,0
0.388630,0,0,0,0
0.390181,0,0,0,0
0.391731,0,0,0,0
0.393339,0,0,0,0
0.394892,0,0,0,0
0.396445,0,0,0,0
0.397997,0,0,0,0
0.399547,0,0,0,0
0.401143,0,0,0,0
0.402695,0,0,0,0
0.404259,0,0,0,0
0.405675,0,0,0,0
0.407067,0,0,0,0
0.408586,0,0,0,0
0.410183,0,0,0,0
0.411733,0,0,0,0
0.413285,0,0,0,0
0.414851,0,0,0,0
0.416404,0,0,0,0
0.418000,0,0,0,0
0.419665,0,0,0,0
0.421134,0,0,0,0
0.422530,0,0,0,0
0.424047,0,0,0,0
0.425617,0,0,0,0
0.427168,0,0,0,0
0.428721,0,0,0,0
0.430272,0,0,0,0
0.431822,0,0,0,0
0.433417,0,0,0,0
0.434960,0,0,0,0
0.436475,0,0,0,0
0.437999,0,0,0,0
0.439550,0,0,0,0
0.441147,0,0,0,0
0.442699,0,0,0,0
0.444248,0,0,0,0
0.445736,0,0,0,0
0.447137,0,0,0,0
0.448655,0,0,0,0
0.450208,0,0,0,0
0.451757,0,0,0,0
0.453307,0,0,0,0
0.454857,0,0,0,0
0.456409,0,0,0,0
0.458028,0,0,0,0
0.459579,0,0,0,0
0.461133,0,0,0,0
0.462685,0,0,0,0
0.464235,0,0,0,0
0.465792,0,0,0,0
0.467342,0,0,0,0
0.468909,0,0,0,0
0.470462,0,0,0,0
0.472012,0,0,0,0
0.473568,0,0,0,0
0.475118,0,0,0,0
0.476672,0,0,0,0
0.478225,0,0,0,0
0.479789,0,0,0,0
0.481384,0,0,0,0
0.482936,0,0,0,0
0.484489,0,0,0,0
0.486040,0,0,0,0
0.487591,0,0,0,0
0.489188,0,0,0,0
0.490753,0,0,0,0
0.492387,0,0,0,0
0.494002,0,0,0,0
0.495552,0,0,0,0
0.497149,0,0,0,0
0.498701,0,0,0,0
0.500252,0,0,0,0
0.501861,0,0,0,0
0.503411,0,0,0,0
0.505007,0,0,0,0
0.506559,0,0,0,0
0.508110,0,0,0,0
0.509665,0,0,0,0
0.511215,0,0,0,0
0.512825,0,0,0,0
0.514378,0,0,0,0
0.515928,0,0,0,0
0.517479,0,0,0,0
0.519021,0,0,0,0
0.520588,0,0,0,0
0.522209,0,0,0,0
0.523773,0,0,0,0
0.525325,0,0,0,0
0.526878,0,0,0,0
0.528431,0,0,0,0
0.530027,0,0,0,0
0.531576,0,0,0,0
0.533129,0,0,0,0
0.534696,0,0,0,0
0.536245,0,0,0,0
0.537769,0,0,0,0
0.539155,0,0,0,0
0.540538,0,0,0,0
0.542052,0,0,0,0
0.543601,0,0,0,0
0.545208,0,0,0,0
0.546757,0,0,0,0
0.548372,0,0,0,0
0.549985,0,0,0,0
0.551533,0,0,0,0
0.553128,0,0,0,0
0.554678,0,0,0,0
0.556240,0,0,0,0
0.557794,0,0,0,0
0.559343,0,0,0,0
0.560936,0,0,0,0
0.562487,0,0,0,0
0.564035,0,0,0,0
0.565588,0,0,0,0
0.567149,0,0,0,0
0.568744,0,0,0,0
0.570295,0,0,0,0
0.571842,0,0,0,0
0.573392,0,0,0,0
0.574941,0,0,0,0
0.576493,0,0,0,0
0.578101,0,0,0,0
0.579650,0,0,0,0
0.581199,0,0,0,0
0.582748,0,0,0,0
0.584379,0,0,0,0
0.586035,0,0,0,0
0.587583,0,0,0,0
0.589146,0,0,0,0
0.590696,0,0,0,0
0.592243,0,0,0,0
0.593795,0,0,0,0
0.595343,0,0,0,0
0.596894,0,0,0,0
0.598444,0,0,0,0
0.600006,0,0,0,0
0.601646,0,0,0,0
0.603194,0,0,0,0
0.604745,0,0,0,0
0.606295,0,0,0,0
0.607844,0,0,0,0
0.609437,0,0,0,0
0.611002,0,0,0,0
0.612554,0,0,0,0
0.614104,0,0,0,0
0.615652,0,0,0,0
0.617245,0,0,0,0
0.618794,0,0,0,0
0.620387,0,0,0,0
0.621808,0,0,0,0
0.623197,0,0,0,0
0.624760,0,0,0,0
0.626312,0,0,0,0
0.627863,0,0,0,0
0.629414,0,0,0,0
0.630966,0,0,0,0
0.632534,0,0,0,0
0.634131,0,0,0,0
0.635680,0,0,0,0
0.637231,0,0,0,0
0.638784,0,0,0,0
0.640337,0,0,0,0
0.641880,0,0,0,0
0.643436,0,0,0,0
0.644859,0,0,0,0
0.646381,0,0,0,0
0.647931,0,0,0,0
0.649526,0,0,0,0
0.651079,0,0,0,0
0.652633,0,0,0,0
0.654200,0,0,0,0
0.655750,0,0,0,0
0.657344,0,0,0,0
0.658897,0,0,0,0
0.660451,0,0,0,0
0.662004,0,0,0,0
0.663554,0,0,0,0
0.665162,0,0,0,0
0.666714,0,0,0,0
0.668263,0,0,0,0
0.669859,0,0,0,0
0.671408,0,0,0,0
0.673004,0,0,0,0
0.674556,0,0,0,0
0.676118,0,0,0,0
0.677671,0,0,0,0
0.679220,0,0,0,0
0.680817,0,0,0,0
0.682369,0,0,0,0
0.683918,0,0,0,0
0.685468,0,0,0,0
0.687032,0,0,0,0
0.688585,0,0,0,0
0.690180,0,0,0,0
0.691729,0,0,0,0
0.693280,0,0,0,0
0.694831,0,0,0,0
0.696383,0,0,0,0
0.697988,0,0,0,0
0.699538,0,0,0,0
0.701090,0,0,0,0
0.702677,0,0,0,0
0.704226,0,0,0,0
0.705782,0,0,0,0
0.707330,0,0,0,0
0.708896,0,0,0,0
0.710447,0,0,0,0
0.711997,0,0,0,0
0.713510,0,0,0,0
0.715029,0,0,0,0
0.716581,0,0,0,0
0.718132,0,0,0,0
0.719694,0,0,0,0
0.721287,0,0,0,0
0.722837,0,0,0,0
0.724390,0,0,0,0
0.725941,0,0,0,0
0.727489,0,0,0,0
0.729085,0,0,0,0
0.730650,0,0,0,0
0.732199,0,0,0,0
0.733754,0,0,0,0
0.735304,0,0,0,0
0.736900,0,0,0,0
0.738451,0,0,0,0
0.740000,0,0,0,0
0.741644,0,0,0,0
0.743191,0,0,0,0
0.744615,0,0,0,0
0.746171,0,0,0,0
0.747712,0,0,0,0
0.749141,0,0,0,0
0.750683,0,0,0,0
0.752106,0,0,0,0
0.753478,0,0,0,0
0.755264,0,0,0,0
0.757159,0,0,0,0
0.758553,0,0,0,0
0.759938,0,0,0,0
0.761363,0,0,0,0
0.762761,0,0,0,0
0.764147,0,0,0,0
0.765554,0,0,0,0
0.766940,0,0,0,0
0.768328,0,0,0,0
0.769747,0,0,0,0
0.771132,0,0,0,0
0.772518,0,0,0,0
0.773912,0,0,0,0
0.775424,0,0,0,0
0.777019,0,0,0,0
0.778569,0,0,0,0
0.780117,0,0,0,0
0.781669,0,0,0,0
0.783217,0,0,0,0
0.784826,0,0,0,0
0.786377,0,0,0,0
0.787833,0,0,0,0
0.789224,0,0,0,0
0.790615,0,0,0,0
0.792006,0,0,0,0
0.793480,0,0,0,0
0.794880,0,0,0,0
0.796350,0,0,0,0
0.797892,0,0,0,0
0.799433,0,0,0,0
0.800988,0,0,0,0
0.802381,0,0,0,0
0.803776,0,0,0,0
0.805181,0,0,0,0
0.806568,0,0,0,0
0.807954,0,0,0,0
0.809380,0,0,0,0
0.810895,0,0,0,0
0.812447,0,0,0,0
0.813998,0,0,0,0
0.815562,0,0,0,0
0.817158,0,0,0,0
0.818709,0,0,0,0
0.820259,0,0,0,0
0.821697,0,0,0,0
0.823222,0,0,0,0
0.824819,0,0,0,0
0.826385,0,0,0,0
0.827937,0,0,0,0
0.829361,0,0,0,0
0.830882,0,0,0,0
0.832436,0,0,0,0
0.834033,0,0,0,0
0.835584,0,0,0,0
0.837150,0,0,0,0
0.838702,0,0,0,0
0.840254,0,0,0,0
0.841670,0,0,0,0
0.843191,0,0,0,0
0.844745,0,0,0,0
0.846298,0,0,0,0
0.847861,0,0,0,0
0.849456,0,0,0,0
0.851009,0,0,0,0
0.852564,0,0,0,0
0.854116,0,0,0,0
0.855668,0,0,0,0
0.857263,0,0,0,0
0.858831,0,0,0,0
0.860386,0,0,0,0
0.861939,0,0,0,0
0.863496,0,0,0,0
0.865092,0,0,0,0
0.866646,0,0,0,0
0.868197,0,0,0,0
0.869767,0,0,0,0
0.871318,0,0,0,0
0.872915,0,0,0,0
0.874349,0,0,0,0
0.875768,0,0,0,0
0.877161,0,0,0,0
0.878549,0,0,0,0
0.879947,0,0,0,0
0.881335,0,0,0,0
0.882820,0,0,0,0
0.884369,0,0,0,0
0.885828,0,0,0,0
0.887206,0,0,0,0
0.888743,0,0,0,0
0.890694,0,0,0,0
0.892841,0,0,0,0
0.894225,0,0,0,0
0.895632,0,0,0,0
0.897048,0,0,0,0
0.898429,0,0,0,0
0.899808,0,0,0,0
0.901197,0,0,0,0
0.902578,0,0,0,0
0.903959,0,0,0,0
0.905373,0,0,0,0
0.906755,0,0,0,0
0.908134,0,0,0,0
0.909497,0,0,0,0
0.911011,0,0,0,0
0.912579,0,0,0,0
0.914176,0,0,0,0
0.915727,0,0,0,0
0.917279,0,0,0,0
0.918832,0,0,0,0
0.920385,0,0,0,0
0.921982,0,0,0,0
0.923547,0,0,0,0
0.925102,0,0,0,0
0.926655,0,0,0,0
0.928205,0,0,0,0
0.929756,0,0,0,0
0.931298,0,0,0,0
0.932719,0,0,0,0
0.934249,0,0,0,0
0.935798,0,0,0,0
0.937393,0,0,0,0
0.938945,0,0,0,0
0.940497,0,0,0,0
0.942047,0,0,0,0
0.943597,0,0,0,0
0.945205,0,0,0,0
0.946754,0,0,0,0
0.948175,0,0,0,0
0.949581,0,0,0,0
0.950965,0,0,0,0
0.952349,0,0,0,0
0.953810,0,0,0,0
0.955216,0,0,0,0
0.956605,0,0,0,0
0.957986,0,0,0,0
0.959366,0,0,0,0
0.960787,0,0,0,0
0.962304,0,0,0,0
0.963853,0,0,0,0
0.965419,0,0,0,0
0.966988,0,0,0,0
0.968565,0,0,0,0
0.970050,0,0,0,0
0.971448,0,0,0,0
0.972838,0,0,0,0
0.974225,0,0,0,0
0.975630,0,0,0,0
0.977059,0,0,0,0
0.978639,0,0,0,0
0.980187,0,0,0,0
0.981742,0,0,0,0
0.983291,0,0,0,0
0.984886,0,0,0,0
0.986450,0,0,0,0
0.987998,0,0,0,0
0.989511,0,0,0,0
0.991030,0,0,0,0
0.992582,0,0,0,0
0.994178,0,0,0,0
0.995726,0,0,0,0
0.997290,0,0,0,0
0.998841,0,0,0,0
1.000393,0,0,0,0
1.001988,0,0,0,0
1.003537,0,0,0,0
1.005089,0,0,0,0
1.006641,0,0,0,0
1.008203,0,0,0,0
1.009760,0,0,0,0
1.011310,0,0,0,0
1.012862,0,0,0,0
1.014413,0,0,0,0
1.015960,0,0,0,0
1.017583,0,0,0,0
1.019147,0,0,0,0
1.020699,0,0,0,0
1.022112,0,0,0,0
1.023638,0,0,0,0
1.025233,0,0,0,0
1.026786,0,0,0,0
1.028341,0,0,0,0
1.029898,0,0,0,0
1.031440,0,0,0,0
1.032861,0,0,0,0
1.034439,0,0,0,0
1.035981,0,0,0,0
1.038474,0,0,0,0
1.039891,0,0,0,0
1.041326,0,0,0,0
1.042717,0,0,0,0
1.044105,0,0,0,0
1.045495,0,0,0,0
1.047010,0,0,0,0
1.048564,0,0,0,0
1.050175,0,0,0,0
1.051727,0,0,0,0
1.053280,0,0,0,0
1.054832,0,0,0,0
1.056386,0,0,0,0
1.057983,0,0,0,0
1.059535,0,0,0,0
1.061103,0,0,0,0
1.062656,0,0,0,0
1.064206,0,0,0,0
1.065765,0,0,0,0
1.067317,0,0,0,0
1.068910,0,0,0,0
1.070462,0,0,0,0
1.072027,0,0,0,0
1.073584,0,0,0,0
1.075135,0,0,0,0
1.076690,0,0,0,0
1.078243,0,0,0,0
1.079794,0,0,0,0
1.081390,0,0,0,0
1.082832,0,0,0,0
1.084358,0,0,0,0
1.085912,0,0,0,0
1.087463,0,0,0,0
1.089061,0,0,0,0
1.090615,0,0,0,0
1.092167,0,0,0,0
1.093620,0,0,0,0
1.095142,0,0,0,0
1.096740,0,0,0,0
1.098294,0,0,0,0
1.099846,0,0,0,0
1.101400,0,0,0,0
1.102953,0,0,0,0
1.104524,0,0,0,0
1.106124,0,0,0,0
1.107676,0,0,0,0
1.109229,0,0,0,0
1.110783,0,0,0,0
1.112339,0,0,0,0
1.113894,0,0,0,0
1.115461,0,0,0,0
1.117016,0,0,0,0
1.118569,0,0,0,0
1.120121,0,0,0,0
1.121625,0,0,0,0
1.123017,0,0,0,0
1.124537,0,0,0,0
1.126104,0,0,0,0
1.127657,0,0,0,0
1.129254,0,0,0,0
1.130809,0,0,0,0
1.132364,0,0,0,0
1.133919,0,0,0,0
1.135472,0,0,0,0
1.137084,0,0,0,0
1.138639,0,0,0,0
1.140192,0,0,0,0
1.141750,0,0,0,0
1.143302,0,0,0,0
1.144902,0,0,0,0
1.146455,0,0,0,0
1.147897,0,0,0,0
1.149424,0,0,0,0
1.150892,0,0,0,0
1.152422,0,0,0,0
1.154022,0,0,0,0
1.155577,0,0,0,0
1.157136,0,0,0,0
1.158697,0,0,0,0
1.160242,0,0,0,0
1.161620,0,0,0,0
1.163144,0,0,0,0
1.164702,0,0,0,0
1.166257,0,0,0,0
1.167811,0,0,0,0
1.169423,0,0,0,0
1.170980,0,0,0,0
1.172536,0,0,0,0
1.174092,0,0,0,0
1.175645,0,0,0,0
1.177534,0,0,0,0
1.179000,0,0,0,0
1.180416,0,0,0,0
1.181808,0,0,0,0
1.183196,0,0,0,0
1.184574,0,0,0,0
1.186004,0,0,0,0
1.187519,0,0,0,0
1.189075,0,0,0,0
1.190519,0,0,0,0
1.191914,0,0,0,0
1.193352,0,0,0,0
1.194743,0,0,0,0
1.196132,0,0,0,0
1.197524,0,0,0,0
1.198912,0,0,0,0
1.200431,0,0,0,0
1.201920,0,0,0,0
1.203444,0,0,0,0
1.205002,0,0,0,0
1.206557,0,0,0,0
1.208112,0,0,0,0
1.209672,0,0,0,0
1.211227,0,0,0,0
1.212798,0,0,0,0
1.214355,0,0,0,0
1.215907,0,0,0,0
1.217507,0,0,0,0
1.219061,0,0,0,0
1.220617,0,0,0,0
1.222049,0,0,0,0
1.223590,0,0,0,0
1.225190,0,0,0,0
1.226671,0,0,0,0
1.228219,0,0,0,0
1.229778,0,0,0,0
1.231344,0,0,0,0
1.232952,0,0,0,0
1.234522,0,0,0,0
1.236076,0,0,0,0
1.237858,0,0,0,0
1.239255,0,0,0,0
1.240822,0,0,0,0
1.242385,0,0,0,0
1.243937,0,0,0,0
1.245810,0,0,0,0
1.247209,0,0,0,0
1.248606,0,0,0,0
1.250040,0,0,0,0
1.251430,0,0,0,0
1.252822,0,0,0,0
1.254342,0,0,0,0
1.255897,0,0,0,0
1.257765,0,0,0,0
1.259320,0,0,0,0
1.260877,0,0,0,0
1.262432,0,0,0,0
1.263987,0,0,0,0
1.265607,0,0,0,0
1.267160,0,0,0,0
1.268732,0,0,0,0
1.270287,0,0,0,0
1.271841,0,0,0,0
1.273438,0,0,0,0
1.274996,0,0,0,0
1.276554,0,0,0,0
1.278111,0,0,0,0
1.279680,0,0,0,0
1.281281,0,0,0,0
1.282839,0,0,0,0
1.284397,0,0,0,0
1.285954,0,0,0,0
1.287509,0,0,0,0
1.289111,0,0,0,0
1.290682,0,0,0,0
1.292238,0,0,0,0
1.293798,0,0,0,0
1.295353,0,0,0,0
1.296955,0,0,0,0
1.298512,0,0,0,0
1.300067,0,0,0,0
1.301641,0,0,0,0
1.303195,0,0,0,0
1.304798,0,0,0,0
1.306355,0,0,0,0
1.307910,0,0,0,0
1.309466,0,0,0,0
1.311021,0,0,0,0
1.312593,0,0,0,0
1.314193,0,0,0,0
1.315749,0,0,0,0
1.317305,0,0,0,0
1.318861,0,0,0,0
1.320419,0,0,0,0
1.322019,0,0,0,0
1.323587,0,0,0,0
1.325146,0,0,0,0
1.326703,0,0,0,0
1.328257,0,0,0,0
1.329697,0,0,0,0
1.331092,0,0,0,0
1.332616,0,0,0,0
1.334186,0,0,0,0
1.335741,0,0,0,0
1.337341,0,0,0,0
1.338900,0,0,0,0
1.340459,0,0,0,0
1.342015,0,0,0,0
1.343570,0,0,0,0
1.345185,0,0,0,0
1.346741,0,0,0,0
1.348360,0,0,0,0
1.349982,0,0,0,0
1.351535,0,0,0,0
1.353132,0,0,0,0
1.354687,0,0,0,0
1.356129,0,0,0,0
1.357654,0,0,0,0
1.359203,0,0,0,0
1.360799,0,0,0,0
1.362350,0,0,0,0
1.363899,0,0,0,0
1.365449,0,0,0,0
1.366895,0,0,0,0
1.368419,0,0,0,0
1.370015,0,0,0,0
1.371566,0,0,0,0
1.373119,0,0,0,0
1.374671,0,0,0,0
1.376220,0,0,0,0
1.377792,0,0,0,0
1.379343,0,0,0,0
1.380895,0,0,0,0
1.382447,0,0,0,0
1.383997,0,0,0,0
1.385639,0,0,0,0
1.387189,0,0,0,0
1.388755,0,0,0,0
1.390307,0,0,0,0
1.391857,0,0,0,0
1.393450,0,0,0,0
1.395004,0,0,0,0
1.396558,0,0,0,0
1.398110,0,0,0,0
1.399674,0,0,0,0
1.401269,0,0,0,0
1.402822,0,0,0,0
1.404375,0,0,0,0
1.405926,0,0,0,0
1.407477,0,0,0,0
1.409072,0,0,0,0
1.410637,0,0,0,0
1.412186,0,0,0,0
1.413742,0,0,0,0
1.415293,0,0,0,0
1.416892,0,0,0,0
1.418444,0,0,0,0
1.419994,0,0,0,0
1.421521,0,0,0,0
1.422891,0,0,0,0
1.424420,0,0,0,0
1.426020,0,0,0,0
1.427574,0,0,0,0
1.429131,0,0,0,0
1.430687,0,0,0,0
1.432257,0,0,0,0
1.433690,0,0,0,0
1.435086,0,0,0,0
1.436608,0,0,0,0
1.438165,0,0,0,0
1.439720,0,0,0,0
1.441356,0,0,0,0
1.442926,0,0,0,0
1.444484,0,0,0,0
1.446041,0,0,0,0
1.447595,0,0,0,0
1.449196,0,0,0,0
1.450753,0,0,0,0
1.452376,0,0,0,0
1.454009,0,0,0,0
1.455564,0,0,0,0
1.457164,0,0,0,0
1.458722,0,0,0,0
1.460276,0,0,0,0
1.461872,0,0,0,0
1.463427,0,0,0,0
1.465041,0,0,0,0
1.466598,0,0,0,0
1.468153,0,0,0,0
1.469713,0,0,0,0
1.471268,0,0,0,0
1.472869,0,0,0,0
1.474425,0,0,0,0
1.475869,0,0,0,0
1.477396,0,0,0,0
1.478943,0,0,0,0
1.480601,0,0,0,0
1.482001,0,0,0,0
1.483398,0,0,0,0
1.484920,0,0,0,0
1.486490,0,0,0,0
1.488044,0,0,0,0
1.489606,0,0,0,0
1.491160,0,0,0,0
1.492718,0,0,0,0
1.494274,0,0,0,0
1.495828,0,0,0,0
1.497443,0,0,0,0
1.499000,0,0,0,0
1.500558,0,0,0,0
1.502115,0,0,0,0
1.503669,0,0,0,0
1.505270,0,0,0,0
1.506826,0,0,0,0
1.508396,0,0,0,0
1.509953,0,0,0,0
1.511507,0,0,0,0
1.513109,0,0,0,0
1.514666,0,0,0,0
1.516221,0,0,0,0
1.517782,0,0,0,0
1.519350,0,0,0,0
1.520952,0,0,0,0
1.522510,0,0,0,0
1.524066,0,0,0,0
1.525625,0,0,0,0
1.527180,0,0,0,0
1.528781,0,0,0,0
1.530352,0,0,0,0
1.531907,0,0,0,0
1.533463,0,0,0,0
1.535018,0,0,0,0
1.536576,0,0,0,0
1.538178,0,0,0,0
1.539733,0,0,0,0
1.541304,0,0,0,0
1.542853,0,0,0,0
1.544506,0,0,0,0
1.545999,0,0,0,0
1.547429,0,0,0,0
1.548821,0,0,0,0
1.550211,0,0,0,0
1.551609,0,0,0,0
1.553036,0,0,0,0
1.554553,0,0,0,0
1.556106,0,0,0,0
1.557665,0,0,0,0
1.559217,0,0,0,0
1.560818,0,0,0,0
1.562388,0,0,0,0
1.563941,0,0,0,0
1.565366,0,0,0,0
1.566889,0,0,0,0
1.568445,0,0,0,0
1.570043,0,0,0,0
1.571596,0,0,0,0
1.573163,0,0,0,0
1.574718,0,0,0,0
1.576271,0,0,0,0
1.577848,0,0,0,0
1.579401,0,0,0,0
1.580959,0,0,0,0
1.582512,0,0,0,0
1.584078,0,0,0,0
1.585639,0,0,0,0
1.587191,0,0,0,0
1.588747,0,0,0,0
1.590302,0,0,0,0
1.591853,0,0,0,0
1.593451,0,0,0,0
1.595019,0,0,0,0
1.596576,0,0,0,0
1.598130,0,0,0,0
1.599682,0,0,0,0
1.601281,0,0,0,0
1.602836,0,0,0,0
1.604392,0,0,0,0
1.605974,0,0,0,0
1.607500,0,0,0,0
1.609100,0,0,0,0
1.610653,0,0,0,0
1.612082,0,0,0,0
1.613613,0,0,0,0
1.615167,0,0,0,0
1.616782,0,0,0,0
1.618338,0,0,0,0
1.619892,0,0,0,0
1.621452,0,0,0,0
1.622882,0,0,0,0
1.624415,0,0,0,0
1.626017,0,0,0,0
1.627461,0,0,0,0
1.628989,0,0,0,0
1.630545,0,0,0,0
1.632100,0,0,0,0
1.633662,0,0,0,0
1.635216,0,0,0,0
1.636772,0,0,0,0
1.638222,0,0,0,0
1.639746,0,0,0,0
1.641347,0,0,0,0
1.642902,0,0,0,0
1.644458,0,0,0,0
1.646014,0,0,0,0
1.647567,0,0,0,0
1.649181,0,0,0,0
1.650738,0,0,0,0
1.652376,0,0,0,0
1.653780,0,0,0,0
1.655172,0,0,0,0
1.656694,0,0,0,0
1.658250,0,0,0,0
1.659817,0,0,0,0
1.661372,0,0,0,0
1.662927,0,0,0,0
1.664483,0,0,0,0
1.666082,0,0,0,0
1.667637,0,0,0,0
1.669192,0,0,0,0
1.670761,0,0,0,0
1.672384,0,0,0,0
1.674046,0,0,0,0
1.675599,0,0,0,0
1.677155,0,0,0,0
1.678710,0,0,0,0
1.680264,0,0,0,0
1.681874,0,0,0,0
1.683428,0,0,0,0
1.684984,0,0,0,0
1.686540,0,0,0,0
1.688093,0,0,0,0
1.689654,0,0,0,0
1.691207,0,0,0,0
1.692655,0,0,0,0
1.694219,0,0,0,0
1.695812,0,0,0,0
1.697457,0,0,0,0
1.699053,0,0,0,0
1.700650,0,0,0,0
1.702244,0,0,0,0
1.703851,0,0,0,0
1.705497,0,0,0,0
1.707092,0,0,0,0
1.708688,0,0,0,0
1.710293,0,0,0,0
1.711781,0,0,0,0
1.713404,0,0,0,0
1.715014,0,0,0,0
1.716611,0,0,0,0
1.718207,0,0,0,0
1.719801,0,0,0,0
1.721446,0,0,0,0
1.723041,0,0,0,0
1.724639,0,0,0,0
1.726250,0,0,0,0
1.727843,0,0,0,0
1.729488,0,0,0,0
1.731085,0,0,0,0
1.732677,0,0,0,0
1.734268,0,0,0,0
1.735858,0,0,0,0
1.737381,0,0,0,0
1.738945,0,0,0,0
1.740538,0,0,0,0
1.742133,0,0,0,0
1.743727,0,0,0,0
1.745372,0,0,0,0
1.746970,0,0,0,0
1.748579,0,0,0,0
1.750173,0,0,0,0
1.751764,0,0,0,0
1.753408,0,0,0,0
1.755004,0,0,0,0
1.756600,0,0,0,0
1.758193,0,0,0,0
1.759800,0,0,0,0
1.761444,0,0,0,0
1.763038,0,0,0,0
1.764633,0,0,0,0
1.766227,0,0,0,0
1.767712,0,0,0,0
1.769167,0,0,0,0
1.770616,0,0,0,0
1.772041,0,0,0,0
1.773478,0,0,0,0
1.774897,0,0,0,0
1.776320,0,0,0,0
1.777879,0,0,0,0
1.779472,0,0,0,0
1.781082,0,0,0,0
1.782676,0,0,0,0
1.784268,0,0,0,0
1.785762,0,0,0,0
1.787189,0,0,0,0
1.788749,0,0,0,0
1.790343,0,0,0,0
1.791948,0,0,0,0
1.793612,0,0,0,0
1.795202,0,0,0,0
1.796799,0,0,0,0
1.798393,0,0,0,0
1.799985,0,0,0,0
1.801692,0,0,0,0
1.803297,0,0,0,0
1.804892,0,0,0,0
1.806486,0,0,0,0
1.808078,0,0,0,0
1.809617,0,0,0,0
1.811060,0,0,0,0
1.812492,0,0,0,0
1.813927,0,0,0,0
1.815351,0,0,0,0
1.816855,0,0,0,0
1.818413,0,0,0,0
1.820005,0,0,0,0
1.821602,0,0,0,0
1.823063,0,0,0,0
1.824647,0,0,0,0
1.826242,0,0,0,0
1.827835,0,0,0,0
1.829430,0,0,0,0
1.831027,0,0,0,0
1.832624,0,0,0,0
1.834270,0,0,0,0
1.835877,0,0,0,0
1.837473,0,0,0,0
1.839069,0,0,0,0
1.840667,0,0,0,0
1.842262,0,0,0,0
1.843857,0,0,0,0
1.845452,0,0,0,0
1.847062,0,0,0,0
1.848661,0,0,0,0
1.850256,0,0,0,0
1.851850,0,0,0,0
1.853445,0,0,0,0
1.855042,0,0,0,0
1.856638,0,0,0,0
1.858168,0,0,0,0
1.859732,0,0,0,0
1.861328,0,0,0,0
1.862924,0,0,0,0
1.864522,0,0,0,0
1.866170,0,0,0,0
1.867764,0,0,0,0
1.869373,0,0,0,0
1.870969,0,0,0,0
1.872568,0,0,0,0
1.874213,0,0,0,0
1.875701,0,0,0,0
1.877295,0,0,0,0
1.878891,0,0,0,0
1.880503,0,0,0,0
1.882100,0,0,0,0
1.883695,0,0,0,0
1.885289,0,0,0,0
1.886886,0,0,0,0
1.888482,0,0,0,0
1.890125,0,0,0,0
1.891733,0,0,0,0
1.893329,0,0,0,0
1.894925,0,0,0,0
1.896522,0,0,0,0
1.898169,0,0,0,0
1.899763,0,0,0,0
1.901360,0,0,0,0
1.902970,0,0,0,0
1.904564,0,0,0,0
1.906208,0,0,0,0
1.907800,0,0,0,0
1.909394,0,0,0,0
1.910989,0,0,0,0
1.912584,0,0,0,0
1.914112,0,0,0,0
1.915676,0,0,0,0
1.917270,0,0,0,0
1.918865,0,0,0,0
1.920461,0,0,0,0
1.922105,0,0,0,0
1.923698,0,0,0,0
1.925307,0,0,0,0
1.926902,0,0,0,0
1.928498,0,0,0,0
1.930093,0,0,0,0
1.931686,0,0,0,0
1.933280,0,0,0,0
1.934875,0,0,0,0
1.936485,0,0,0,0
1.938128,0,0,0,0
1.939720,0,0,0,0
1.941315,0,0,0,0
1.942910,0,0,0,0
1.944506,0,0,0,0
1.946101,0,0,0,0
1.947708,0,0,0,0
1.949302,0,0,0,0
1.950896,0,0,0,0
1.952492,0,0,0,0
1.954135,0,0,0,0
1.955728,0,0,0,0
1.957322,0,0,0,0
1.958931,0,0,0,0
1.960527,0,0,0,0
1.962172,0,0,0,0
1.963766,0,0,0,0
1.965361,0,0,0,0
1.966955,0,0,0,0
1.968551,0,0,0,0
1.970078,0,0,0,0
1.971641,0,0,0,0
1.973235,0,0,0,0
1.974829,0,0,0,0
1.976424,0,0,0,0
1.978065,0,0,0,0
1.979655,0,0,0,0
1.981401,0,0,0,0
1.982836,0,0,0,0
1.984256,0,0,0,0
1.985734,0,0,0,0
1.987157,0,0,0,0
1.988582,0,0,0,0
1.990004,0,0,0,0
1.991437,0,0,0,0
1.992901,0,0,0,0
1.994324,0,0,0,0
1.995744,0,0,0,0
1.997165,0,0,0,0
1.998591,0,0,0,0
2.000067,0,0,0,0
